0
0
0
0
0
0
0
0
0
0
0
0
0
0
0
0
0
0
0
0
0
0
0
0
0
0
1
0
0
0
0
0
0
0
0
0
0
0
0
0
0
0
0
0
0
0
0
0
0
0
0
0
4361
-4249
698
-4856
5226
489
-4007
-6365
-3401
-1286
-4400
-3542
2412
-783
-6120
-6552
6929
-3012
2266
4216
6592
5172
-7705
-6454
-4362
-6084
56
-126
-5114
3808
695
-5176
-265
-43
7885
2454
-1472
6806
4095
-1234
-3495
-5461
7368
860
-5469
3975
-5606
2021
973
2305
2232
-4262
6218
3741
-1252
-2613
-4058
3765
-6110
-5190
-3082
-1065
1607
7397
1855
-5736
1257
6256
-2760
-6350
5226
536
8040
1392
-5188
-3042
-7134
1609
