0
0
0
0
0
0
0
0
0
0
0
0
0
0
0
0
0
0
0
0
0
0
0
0
0
0
0
0
0
0
0
0
0
0
0
0
0
0
0
0
0
0
0
0
0
0
0
0
0
0
0
0
0
0
0
0
0
0
0
0
0
0
0
0
1
0
0
0
0
0
0
0
0
0
0
0
0
0
0
0
0
0
0
0
0
0
0
0
0
0
0
0
0
0
0
0
0
0
0
0
0
0
0
0
0
0
0
0
0
0
0
0
0
0
0
0
0
0
0
0
0
0
0
0
0
0
0
0
-227595
518752
346837
504100
-259990
269856
510877
-84410
-421559
388496
-58323
379479
-193840
84084
-86689
284477
255948
-429159
273485
450959
405507
518972
-160785
-257557
486028
445704
-175312
-487967
-66778
510658
-399976
365477
387783
240327
-450374
-159836
194404
-139397
-78738
-153835
76591
246472
-393202
-297298
-450730
493264
246469
-325481
-429460
-266002
512285
149701
515744
489512
497120
-195889
-409641
222261
-63369
-83870
48595
396847
-309537
-105597
-85375
-104421
-301734
-296031
182416
-363425
-192010
219317
-445838
154187
19978
-371842
441830
-112434
500695
-211460
125994
416899
320087
86864
-255243
82478
-160406
-24037
437856
-503104
-142214
-198530
135119
420382
-195142
191708
-83448
114085
202780
-286085
-299370
-492625
-259548
-340696
464014
-261854
227245
-328964
42210
456239
60622
-301216
-267172
501604
-253965
253556
446303
95280
-40622
130038
-516201
-118794
-118310
349387
456621
-338222
399284
450120
521508
-394448
27271
207450
298115
120142
-199281
-76875
6117
254426
-69206
47390
402449
32953
523655
420602
-138179
-390883
-41463
291384
497820
-504811
455934
383944
-387121
492197
196697
309154
36710
272532
-141314
-353
-330879
-505588
361545
169511
-99896
-113116
404334
191718
450492
-448380
-395307
-331872
336027
-325579
-180858
317765
-220437
467905
-243495
-350870
-210482
-82232
484473
-282563
-378305
386335
84191
414495
-456620
504751
281451
135423
