0
0
0
0
0
0
0
0
0
0
0
0
0
0
0
0
0
0
0
0
0
0
0
0
0
0
0
0
0
0
0
0
0
0
0
0
0
0
0
0
0
0
0
0
0
0
0
0
0
0
0
0
0
0
0
0
0
0
0
0
0
0
0
0
1
0
0
0
0
0
0
0
0
0
0
0
0
0
0
0
0
0
0
0
0
0
0
0
0
0
0
0
0
0
0
0
0
0
0
0
0
0
0
0
0
0
0
0
0
0
0
0
0
0
0
0
0
0
0
0
0
0
0
0
0
0
0
0
-139170
58149
-124442
270102
-196761
215580
-38327
126900
-202978
-258594
507341
-25985
-164506
247015
-356062
-120294
92549
325382
142696
-332366
-153987
361853
223296
-442662
-165236
87180
249577
-521420
-37759
-61413
245485
-264837
-113802
-165617
-23784
112021
135581
-279300
-16579
-150714
-475464
126408
305545
371502
228058
-15644
508899
-32346
-68068
483771
179219
342818
-53794
524018
-45756
-432705
332842
-475613
78209
-453742
-243209
-46682
-39473
55636
104646
471066
497546
-452317
-13220
469301
-80494
210138
-524004
522128
-207867
-190538
-233547
373006
-129782
187101
78527
510828
327007
-58264
-166179
-106832
-381121
-396136
-460268
238340
-378290
-243510
-150806
-15439
-261354
-421931
-267277
-346942
63689
323429
5230
249099
-117790
-4600
326283
96790
-275399
51569
202752
292781
-460480
316589
-127604
100510
475890
5588
-238079
-343483
343592
-86299
-332410
397467
-392475
422242
-148068
109645
-147646
479316
-404844
-470892
-426601
14421
-449775
-322984
-497539
-317125
-465349
478796
494421
475404
-227017
-510048
410081
113622
264340
-252696
81320
-16374
220736
-275243
-246873
140030
141486
-247709
-313075
-383695
-89150
-48093
-317044
-361987
-163788
-287182
-268823
-343489
-452104
-441721
81255
325043
393811
133946
510137
-259446
50759
458328
217342
-426258
85469
-354569
-503409
277505
206088
-107756
20251
-90613
-36177
-89107
-429373
-310940
-174458
168558
330718
34766
