0
0
0
0
0
0
0
0
0
0
0
0
0
0
0
0
0
0
0
0
0
0
0
0
0
0
0
0
0
0
0
0
0
0
0
0
0
0
0
0
0
0
0
0
0
0
0
0
0
0
0
0
0
0
0
0
0
0
0
0
0
0
0
0
1
0
0
0
0
0
0
0
0
0
0
0
0
0
0
0
0
0
0
0
0
0
0
0
0
0
0
0
0
0
0
0
0
0
0
0
0
0
0
0
0
0
0
0
0
0
0
0
0
0
0
0
0
0
0
0
0
0
0
0
0
0
0
0
1153
113
1634
787
-1191
-1219
-441
1962
1554
529
1462
-228
1832
-527
1087
-843
-1997
-565
279
-1437
304
943
-1343
327
-1907
792
-819
1110
1890
-430
-1679
-1350
1246
-1959
-867
287
-1957
117
-1348
863
556
1333
1626
-1383
144
-669
-667
1747
4
-302
199
1802
1091
-792
1951
-353
-1457
778
-1456
945
-1319
545
-1721
-197
83
921
1836
1339
1065
-1960
-291
-1667
-1180
1637
-1401
1070
1085
-779
-1356
-1920
1000
995
556
-164
1583
410
-507
-2008
1833
175
84
620
-1375
1409
-168
1072
1176
875
794
646
-1433
-1767
-21
1022
-765
-1050
-716
1849
-1554
774
1434
-1251
595
1205
1899
-1628
-521
388
729
-1384
-1432
-981
1665
2043
1588
1869
-1448
812
-1132
1509
1268
-151
1614
1793
-42
-923
-682
-1573
1090
627
-1552
1069
-1095
-1857
-1060
-1505
-705
1495
1124
1274
-1282
721
216
-960
-1283
522
77
920
-1787
925
-1979
1919
-22
-1195
-2031
626
1248
1538
-1123
-824
-1885
1711
901
-1476
1939
-133
543
410
1048
1366
-1172
-787
1275
-1504
-1885
-1323
-885
1349
1868
-846
1225
13
