0
0
0
0
0
0
0
0
0
0
0
0
0
0
0
0
0
0
0
0
0
0
0
0
0
0
0
0
0
0
0
0
0
0
0
0
0
0
0
0
0
0
0
0
0
0
0
0
0
0
0
0
0
0
0
0
0
0
0
0
0
0
0
0
1
0
0
0
0
0
0
0
0
0
0
0
0
0
0
0
0
0
0
0
0
0
0
0
0
0
0
0
0
0
0
0
0
0
0
0
0
0
0
0
0
0
0
0
0
0
0
0
0
0
0
0
0
0
0
0
0
0
0
0
0
0
0
0
-39157
-280400
-25097
-96405
31136
133643
-364565
378220
344053
362867
-465739
426271
146169
-377640
-193359
314407
-204600
-107667
171351
404721
363992
73365
183313
-429413
242895
505469
-422659
-517530
-156511
-111876
450369
71987
217223
-301718
418976
-487469
-444017
-60421
366042
402589
-381639
297800
-165502
-233195
-356112
327345
-10515
468512
-96810
-205800
94932
212355
255138
101307
194378
-212174
402712
-177999
48297
-494299
-122671
-484683
441618
-218040
128220
355812
-421853
-215769
137714
440574
483457
-265484
7872
71392
286939
187280
82947
-218176
350714
462639
-291328
467675
-491631
98870
-85242
361777
-471721
-400391
238227
73199
180765
-188171
-183107
38174
-368011
398118
-334458
-74423
-393069
206622
-306262
-228182
482047
-397196
-29027
-168314
79801
154676
-388280
322902
-346755
-105498
305965
-218532
-319314
55260
-51826
506693
-447070
396114
439867
178812
462298
254227
514469
-283965
125398
-267464
-364075
58045
187673
132259
279529
340231
-416251
261849
-470604
56697
118571
-281895
-418009
-319431
-382035
259980
-80104
400183
-256932
-347015
-358634
22201
255782
-99505
-279072
144785
-74120
-211214
-316391
-276061
223799
-52576
-156946
-6827
-473103
110549
-401353
-247152
43995
-395888
-193600
-275477
155728
-452725
-467621
-464734
120148
223259
63310
417789
437729
31558
-387887
298180
-37771
-174664
253990
-111270
226465
362039
120833
-265936
-283859
334897
