0
0
0
0
0
0
0
0
0
0
0
0
0
0
0
0
0
0
0
0
0
0
0
0
0
0
0
0
0
0
0
0
0
0
0
0
0
0
0
0
0
0
0
0
0
0
0
0
0
0
0
0
0
0
0
0
0
0
0
0
0
0
0
0
1
0
0
0
0
0
0
0
0
0
0
0
0
0
0
0
0
0
0
0
0
0
0
0
0
0
0
0
0
0
0
0
0
0
0
0
0
0
0
0
0
0
0
0
0
0
0
0
0
0
0
0
0
0
0
0
0
0
0
0
0
0
0
0
258087
52708
-22615
-212473
-332286
-274307
-470801
-348092
59322
33471
-389622
-168398
424763
-39195
63153
-77592
370491
401875
217528
-452213
331111
421606
132821
-455352
434451
-418145
-121858
-148022
-495225
373868
-100486
276548
-457961
-287869
476086
128320
-4595
53019
333341
395062
-49499
-379391
511473
-87508
-371431
-404042
222302
457317
-276229
353600
68318
474188
333549
-480328
-214774
-441415
-482351
-263477
-440581
-381780
-465750
325948
-19100
-345176
409136
-109163
346227
-499782
-494774
122140
499373
128105
-508532
513845
-134959
329106
-397614
-104114
-316431
-361627
-344290
273261
367328
276629
503252
129421
-108534
-501529
-89731
-429596
312541
156214
-477918
-35791
51180
-74225
-39308
285231
-420136
161291
367561
-96937
415025
-339713
-443103
475658
-404125
332578
155466
-138176
-308004
264017
-408506
91617
-339849
-91252
-411631
373486
-396698
-98618
-387863
471945
450207
414260
-360908
329741
-338170
459828
304426
-471224
-265119
-225557
-283038
-412917
-158405
-296771
-158885
514833
190437
-386884
-24793
346752
-294765
181561
518491
102407
192737
-84355
194141
431307
-403019
-226323
419888
408126
-461632
-457316
519912
154359
333482
305273
-365606
-317763
-119028
370487
163503
-346666
184166
-356853
489333
-519234
-145898
512871
-135979
517480
-270703
37837
391562
340780
-205856
90836
-497613
-408969
280210
-311402
252077
184170
-218301
286341
339468
-206211
-365870
-221470
