0
0
0
0
0
0
0
0
0
0
0
0
0
0
0
0
0
0
0
0
0
0
0
0
0
0
0
0
0
0
0
0
0
0
0
0
0
0
0
0
0
0
0
0
0
0
0
0
0
0
0
0
0
0
0
0
0
0
0
0
0
0
0
0
1
0
0
0
0
0
0
0
0
0
0
0
0
0
0
0
0
0
0
0
0
0
0
0
0
0
0
0
0
0
0
0
0
0
0
0
0
0
0
0
0
0
0
0
0
0
0
0
0
0
0
0
0
0
0
0
0
0
0
0
0
0
0
0
13829
-16057
302965
197084
-237059
-203106
123875
467619
58201
-88592
-159989
111053
-98508
43383
-199915
308819
-31706
-469424
216760
-37452
-183370
323503
-498611
-10714
406123
419245
244947
414273
20009
211062
-507770
276676
-115086
-308142
-302417
-403688
448039
294732
78405
434486
422517
-178954
210181
-66175
345727
-163576
198305
-110783
358262
-12960
215456
104031
-339792
-373734
-423019
-53514
207713
367179
152139
-331929
162213
158737
367496
202633
505954
-340340
-152320
145298
-467019
196706
271904
289125
212359
-47752
-403120
191187
227806
3691
-195000
23427
317598
-245625
-56554
-420595
-384957
155320
488835
-309251
-270004
313402
-372128
-312249
503269
-313975
388213
346084
140658
266306
-184165
-15839
-357465
-313707
-48973
93780
128706
77535
-85242
-291703
128134
-146414
-77875
389835
-75357
227212
-91559
-473680
-474344
-120583
-424033
-25925
-285368
444641
284595
295744
170055
-8568
-418855
438882
-203502
204214
329418
-514864
273232
474380
440527
517342
-373973
-85621
19796
-312935
234239
255970
295816
476032
394336
395309
520122
-115348
88109
148670
341766
511076
310596
-448361
-398596
163044
-56963
-176593
143062
376900
338056
88862
-465946
487647
-210858
-126620
11997
399247
-403813
441039
179067
-401103
-481500
-383180
-444316
91836
-250235
59927
-452450
335514
258260
424029
-410520
295391
219140
146090
243461
-351240
-7795
498959
195361
339838
