0
0
0
0
0
0
0
0
0
0
0
0
0
0
0
0
0
0
0
0
0
0
0
0
0
0
0
0
0
0
0
0
0
0
0
0
0
0
0
0
1
0
0
0
0
0
0
0
0
0
0
0
0
0
0
0
0
0
0
0
0
0
0
0
0
0
0
0
0
0
0
0
0
0
0
0
0
0
0
0
-80
13
106
-66
5
15
55
-33
122
-127
57
-101
-51
-82
52
-114
1
-5
24
39
95
63
43
-103
-102
38
81
-63
54
-73
60
20
-88
-56
92
109
-35
54
17
22
-18
-37
117
110
-21
116
-118
77
118
69
88
-68
-39
-85
-87
-113
-8
-52
-74
69
51
77
15
-43
-50
46
95
38
-9
14
-100
-104
-20
-117
67
99
-4
-3
-11
-117
87
113
-56
-59
-69
-72
9
26
19
73
11
-42
-20
0
-45
51
-94
-14
16
50
-81
47
-8
61
89
-59
-11
-93
72
87
-2
70
77
80
-73
-67
-91
14
49
-63
